80
53
59
53
57
53
56
53
55
53
55
53
54
53
52
53
52
53
51
53
51
50
51
53
52
50
52
50
51
50
51
49
51
53
51
53
52
50
52
50
51
50
51
50
47
45
47
50
48
50
49
50
50
48
50
48
49
47
49
47
46
47
49
48
47
48
47
47
46
47
45
45
43
45
47
47
48
47
49
48
50
49
47
49
47
48
47
48
47
45
47
48
47
46
47
46
47
45
46
44
46
47
47
48
47
46
47
46
47
45
47
45
44
42
40
42
44
43
45
44
46
45
46
46
47
47
46
47
46
46
45
46
45
44
45
46
46
45
46
45
45
44
44
43
44
45
45
46
46
45
46
45
45
44
45
44
42
41
42
44
43
45
44
45
45
44
45
44
44
43
44
43
42
43
44
44
43
44
43
43
42
42
41
41
40
40
